
f1 = - 50e-3;
f2 = 100e-3;
R1 = 1;

s = 3e-3;

